1 12 0 10
1 12 144 154
1 12 288 298
1 12 432 442
1 12 576 586
1 12 720 730
1 12 864 874
1 12 1008 1018
1 12 1152 1162
1 12 1296 1306
1 22 0 143
1 22 144 287
1 22 288 431
1 22 432 575
1 22 576 719
1 22 720 863
1 22 864 1007
1 22 1008 1151
1 22 1152 1295
1 22 1296 1439
2 4 0 136
2 4 144 280
2 4 288 424
2 4 432 568
2 4 576 712
2 4 720 856
2 4 864 1000
2 4 1008 1144
2 4 1152 1288
2 4 1296 1432
2 21 0 167
2 21 144 311
2 21 288 455
2 21 432 599
2 21 576 743
2 21 720 887
2 21 864 1031
2 21 1008 1175
2 21 1152 1319
2 21 1296 1463
3 8 0 130
3 8 144 274
3 8 288 418
3 8 432 562
3 8 576 706
3 8 720 850
3 8 864 994
3 8 1008 1138
3 8 1152 1282
3 8 1296 1426
3 10 0 152
3 10 144 296
3 10 288 440
3 10 432 584
3 10 576 728
3 10 720 872
3 10 864 1016
3 10 1008 1160
3 10 1152 1304
3 10 1296 1448
4 2 0 136
4 2 144 280
4 2 288 424
4 2 432 568
4 2 576 712
4 2 720 856
4 2 864 1000
4 2 1008 1144
4 2 1152 1288
4 2 1296 1432
4 21 0 31
4 21 144 175
4 21 288 319
4 21 432 463
4 21 576 607
4 21 720 751
4 21 864 895
4 21 1008 1039
4 21 1152 1183
4 21 1296 1327
5 23 0 170
5 23 144 314
5 23 288 458
5 23 432 602
5 23 576 746
5 23 720 890
5 23 864 1034
5 23 1008 1178
5 23 1152 1322
5 23 1296 1466
5 25 0 263
5 25 144 407
5 25 288 551
5 25 432 695
5 25 576 839
5 25 720 983
5 25 864 1127
5 25 1008 1271
5 25 1152 1415
5 25 1296 1559
6 23 0 210
6 23 144 354
6 23 288 498
6 23 432 642
6 23 576 786
6 23 720 930
6 23 864 1074
6 23 1008 1218
6 23 1152 1362
6 23 1296 1506
6 25 0 252
6 25 144 396
6 25 288 540
6 25 432 684
6 25 576 828
6 25 720 972
6 25 864 1116
6 25 1008 1260
6 25 1152 1404
6 25 1296 1548
7 15 0 14
7 15 144 158
7 15 288 302
7 15 432 446
7 15 576 590
7 15 720 734
7 15 864 878
7 15 1008 1022
7 15 1152 1166
7 15 1296 1310
7 20 0 94
7 20 144 238
7 20 288 382
7 20 432 526
7 20 576 670
7 20 720 814
7 20 864 958
7 20 1008 1102
7 20 1152 1246
7 20 1296 1390
8 3 0 130
8 3 144 274
8 3 288 418
8 3 432 562
8 3 576 706
8 3 720 850
8 3 864 994
8 3 1008 1138
8 3 1152 1282
8 3 1296 1426
8 10 0 148
8 10 144 292
8 10 288 436
8 10 432 580
8 10 576 724
8 10 720 868
8 10 864 1012
8 10 1008 1156
8 10 1152 1300
8 10 1296 1444
9 17 0 94
9 17 144 238
9 17 288 382
9 17 432 526
9 17 576 670
9 17 720 814
9 17 864 958
9 17 1008 1102
9 17 1152 1246
9 17 1296 1390
9 19 0 22
9 19 144 166
9 19 288 310
9 19 432 454
9 19 576 598
9 19 720 742
9 19 864 886
9 19 1008 1030
9 19 1152 1174
9 19 1296 1318
10 3 0 152
10 3 144 296
10 3 288 440
10 3 432 584
10 3 576 728
10 3 720 872
10 3 864 1016
10 3 1008 1160
10 3 1152 1304
10 3 1296 1448
10 8 0 148
10 8 144 292
10 8 288 436
10 8 432 580
10 8 576 724
10 8 720 868
10 8 864 1012
10 8 1008 1156
10 8 1152 1300
10 8 1296 1444
11 9 0 130
11 9 144 274
11 9 288 418
11 9 432 562
11 9 576 706
11 9 720 850
11 9 864 994
11 9 1008 1138
11 9 1152 1282
11 9 1296 1426
11 17 0 36
11 17 144 180
11 17 288 324
11 17 432 468
11 17 576 612
11 17 720 756
11 17 864 900
11 17 1008 1044
11 17 1152 1188
11 17 1296 1332
12 1 0 10
12 1 144 154
12 1 288 298
12 1 432 442
12 1 576 586
12 1 720 730
12 1 864 874
12 1 1008 1018
12 1 1152 1162
12 1 1296 1306
12 22 0 152
12 22 144 296
12 22 288 440
12 22 432 584
12 22 576 728
12 22 720 872
12 22 864 1016
12 22 1008 1160
12 22 1152 1304
12 22 1296 1448
13 14 0 28
13 14 144 172
13 14 288 316
13 14 432 460
13 14 576 604
13 14 720 748
13 14 864 892
13 14 1008 1036
13 14 1152 1180
13 14 1296 1324
13 18 0 92
13 18 144 236
13 18 288 380
13 18 432 524
13 18 576 668
13 18 720 812
13 18 864 956
13 18 1008 1100
13 18 1152 1244
13 18 1296 1388
14 13 0 28
14 13 144 172
14 13 288 316
14 13 432 460
14 13 576 604
14 13 720 748
14 13 864 892
14 13 1008 1036
14 13 1152 1180
14 13 1296 1324
14 18 0 120
14 18 144 264
14 18 288 408
14 18 432 552
14 18 576 696
14 18 720 840
14 18 864 984
14 18 1008 1128
14 18 1152 1272
14 18 1296 1416
15 7 0 14
15 7 144 158
15 7 288 302
15 7 432 446
15 7 576 590
15 7 720 734
15 7 864 878
15 7 1008 1022
15 7 1152 1166
15 7 1296 1310
15 20 0 101
15 20 144 245
15 20 288 389
15 20 432 533
15 20 576 677
15 20 720 821
15 20 864 965
15 20 1008 1109
15 20 1152 1253
15 20 1296 1397
16 11 0 170
16 11 144 314
16 11 288 458
16 11 432 602
16 11 576 746
16 11 720 890
16 11 864 1034
16 11 1008 1178
16 11 1152 1322
16 11 1296 1466
16 29 0 108
16 29 144 252
16 29 288 396
16 29 432 540
16 29 576 684
16 29 720 828
16 29 864 972
16 29 1008 1116
16 29 1152 1260
16 29 1296 1404
17 9 0 94
17 9 144 238
17 9 288 382
17 9 432 526
17 9 576 670
17 9 720 814
17 9 864 958
17 9 1008 1102
17 9 1152 1246
17 9 1296 1390
17 11 0 36
17 11 144 180
17 11 288 324
17 11 432 468
17 11 576 612
17 11 720 756
17 11 864 900
17 11 1008 1044
17 11 1152 1188
17 11 1296 1332
18 13 0 92
18 13 144 236
18 13 288 380
18 13 432 524
18 13 576 668
18 13 720 812
18 13 864 956
18 13 1008 1100
18 13 1152 1244
18 13 1296 1388
18 14 0 120
18 14 144 264
18 14 288 408
18 14 432 552
18 14 576 696
18 14 720 840
18 14 864 984
18 14 1008 1128
18 14 1152 1272
18 14 1296 1416
19 9 0 22
19 9 144 166
19 9 288 310
19 9 432 454
19 9 576 598
19 9 720 742
19 9 864 886
19 9 1008 1030
19 9 1152 1174
19 9 1296 1318
19 17 0 116
19 17 144 260
19 17 288 404
19 17 432 548
19 17 576 692
19 17 720 836
19 17 864 980
19 17 1008 1124
19 17 1152 1268
19 17 1296 1412
20 7 0 94
20 7 144 238
20 7 288 382
20 7 432 526
20 7 576 670
20 7 720 814
20 7 864 958
20 7 1008 1102
20 7 1152 1246
20 7 1296 1390
20 30 0 80
20 30 144 224
20 30 288 368
20 30 432 512
20 30 576 656
20 30 720 800
20 30 864 944
20 30 1008 1088
20 30 1152 1232
20 30 1296 1376
21 2 0 167
21 2 144 311
21 2 288 455
21 2 432 599
21 2 576 743
21 2 720 887
21 2 864 1031
21 2 1008 1175
21 2 1152 1319
21 2 1296 1463
21 4 0 31
21 4 144 175
21 4 288 319
21 4 432 463
21 4 576 607
21 4 720 751
21 4 864 895
21 4 1008 1039
21 4 1152 1183
21 4 1296 1327
22 1 0 143
22 1 144 287
22 1 288 431
22 1 432 575
22 1 576 719
22 1 720 863
22 1 864 1007
22 1 1008 1151
22 1 1152 1295
22 1 1296 1439
22 25 0 20
22 25 144 164
22 25 288 308
22 25 432 452
22 25 576 596
22 25 720 740
22 25 864 884
22 25 1008 1028
22 25 1152 1172
22 25 1296 1316
23 5 0 170
23 5 144 314
23 5 288 458
23 5 432 602
23 5 576 746
23 5 720 890
23 5 864 1034
23 5 1008 1178
23 5 1152 1322
23 5 1296 1466
23 6 0 210
23 6 144 354
23 6 288 498
23 6 432 642
23 6 576 786
23 6 720 930
23 6 864 1074
23 6 1008 1218
23 6 1152 1362
23 6 1296 1506
24 10 0 181
24 10 144 325
24 10 288 469
24 10 432 613
24 10 576 757
24 10 720 901
24 10 864 1045
24 10 1008 1189
24 10 1152 1333
24 10 1296 1477
24 27 0 22
24 27 144 166
24 27 288 310
24 27 432 454
24 27 576 598
24 27 720 742
24 27 864 886
24 27 1008 1030
24 27 1152 1174
24 27 1296 1318
25 1 0 162
25 1 144 306
25 1 288 450
25 1 432 594
25 1 576 738
25 1 720 882
25 1 864 1026
25 1 1008 1170
25 1 1152 1314
25 1 1296 1458
25 22 0 20
25 22 144 164
25 22 288 308
25 22 432 452
25 22 576 596
25 22 720 740
25 22 864 884
25 22 1008 1028
25 22 1152 1172
25 22 1296 1316
26 16 0 222
26 16 144 366
26 16 288 510
26 16 432 654
26 16 576 798
26 16 720 942
26 16 864 1086
26 16 1008 1230
26 16 1152 1374
26 16 1296 1518
26 29 0 170
26 29 144 314
26 29 288 458
26 29 432 602
26 29 576 746
26 29 720 890
26 29 864 1034
26 29 1008 1178
26 29 1152 1322
26 29 1296 1466
27 10 0 162
27 10 144 306
27 10 288 450
27 10 432 594
27 10 576 738
27 10 720 882
27 10 864 1026
27 10 1008 1170
27 10 1152 1314
27 10 1296 1458
27 24 0 22
27 24 144 166
27 24 288 310
27 24 432 454
27 24 576 598
27 24 720 742
27 24 864 886
27 24 1008 1030
27 24 1152 1174
27 24 1296 1318
28 3 0 237
28 3 144 381
28 3 288 525
28 3 432 669
28 3 576 813
28 3 720 957
28 3 864 1101
28 3 1008 1245
28 3 1152 1389
28 3 1296 1533
28 8 0 230
28 8 144 374
28 8 288 518
28 8 432 662
28 8 576 806
28 8 720 950
28 8 864 1094
28 8 1008 1238
28 8 1152 1382
28 8 1296 1526
29 11 0 138
29 11 144 282
29 11 288 426
29 11 432 570
29 11 576 714
29 11 720 858
29 11 864 1002
29 11 1008 1146
29 11 1152 1290
29 11 1296 1434
29 16 0 108
29 16 144 252
29 16 288 396
29 16 432 540
29 16 576 684
29 16 720 828
29 16 864 972
29 16 1008 1116
29 16 1152 1260
29 16 1296 1404
30 15 0 141
30 15 144 285
30 15 288 429
30 15 432 573
30 15 576 717
30 15 720 861
30 15 864 1005
30 15 1008 1149
30 15 1152 1293
30 15 1296 1437
30 20 0 80
30 20 144 224
30 20 288 368
30 20 432 512
30 20 576 656
30 20 720 800
30 20 864 944
30 20 1008 1088
30 20 1152 1232
30 20 1296 1376
